p = 11
D = 100
max_nodes = 300000

61 square-free integer(s) in [1, 100] to test
[1, 2, 3, 5, 6, 7, 10, 11, 13, 14, 15, 17, 19, 21, 22, 23, 26, 29, 30, 31, 33, 34, 35, 37, 38, 39, 41, 42, 43, 46, 47, 51, 53, 55, 57, 58, 59, 61, 62, 65, 66, 67, 69, 70, 71, 73, 74, 77, 78, 79, 82, 83, 85, 86, 87, 89, 91, 93, 94, 95, 97]

Type 1:
primitively represented square-free n ≤ 100 (20 of 61)
[1, 5, 13, 17, 21, 29, 33, 37, 41, 53, 57, 61, 65, 69, 73, 77, 85, 89, 93, 97]

Type 2:
primitively represented square-free n ≤ 100 (19 of 61)
[5, 13, 17, 21, 29, 33, 37, 41, 53, 57, 61, 65, 69, 73, 77, 85, 89, 93, 97]

Type 3:
primitively represented square-free n ≤ 100 (19 of 61)
[5, 13, 17, 21, 29, 33, 37, 41, 53, 57, 61, 65, 69, 73, 77, 85, 89, 93, 97]

Type 4:
primitively represented square-free n ≤ 100 (20 of 61)
[1, 5, 13, 17, 21, 29, 33, 37, 41, 53, 57, 61, 65, 69, 73, 77, 85, 89, 93, 97]

Type 5:
primitively represented square-free n ≤ 100 (19 of 61)
[1, 13, 17, 21, 29, 33, 37, 41, 53, 57, 61, 65, 69, 73, 77, 85, 89, 93, 97]

